71.839196 0.0
47.877484 0.0
48.552202 10.406087
50.058893 18.16642
52.691997 14.868827
55.655116 31.17225
61.843371 58.331187
70.079066 78.878856
86.609727 148.957434
110.394732 231.416382
136.739116 313.686116
152.137455 355.580174
139.951383 302.413794
132.005825 300.924254
129.911435 298.934208
126.011807 281.47628
128.935191 250.356219
137.587206 325.729964
142.059486 298.929841
142.538279 345.253509
128.535096 283.663352
122.815777 246.121963
128.472829 259.209475
141.896536 354.859173
143.576316 310.608043
131.899464 384.455404
117.211067 280.638234
116.05653 249.220726
123.867288 309.107338
124.026086 409.368868
103.815996 313.50103
94.59457 281.851607
97.055342 268.251614
105.926198 331.939746
110.615607 370.419527
103.591264 296.91915
95.032072 269.503377
90.569728 243.967086
103.397229 328.072972
112.202065 302.470217
106.282011 358.414706
91.27525 340.22567
87.797011 262.992156
90.356966 283.717475
100.628902 311.273531
104.296935 344.116911
96.698649 337.921118
90.432712 258.453328
90.733782 282.540675
94.465236 297.985142
100.327105 378.360125
103.397052 338.161264
89.707048 307.875091
83.769067 285.810272
88.228556 270.00857
96.434718 269.494606
98.291138 323.582323
88.386928 285.312469
78.964127 303.721584
82.501257 284.632762
92.830386 330.746787
97.562034 301.355462
96.884486 298.643744
88.67727 286.571224
80.243232 275.592409
80.17677 254.844654
95.703505 294.843681
101.527376 361.034979
97.215798 305.351469
87.897242 285.520802
85.368928 257.622529
93.442257 325.686008
107.30577 369.791972
104.182326 328.842701
95.838996 250.574539
90.366303 307.747688
89.613765 257.443902
92.820588 307.445666
108.321513 370.556028
106.50929 316.068913
94.944848 316.902681
93.323149 297.583696
95.380438 232.525136
102.026808 334.804403
113.729016 311.306376
113.405854 338.948392
96.108805 279.379424
90.443716 290.606218
88.339734 269.044097
90.96269 257.654841
101.426772 336.635208
105.54178 345.038043
95.527999 279.638806
84.228489 264.930417
87.680044 273.763405
93.476658 297.862634
98.478477 353.584783
102.84817 302.119447
109.13948 347.065244
101.198447 314.567704
90.882129 269.275928
89.465582 301.009701
